-14900.421000,-84726.232000,40.807000
-14901.363000,-84726.566000,40.821000,40.000000
-14902.306000,-84726.899000,40.832000,40.000000
-14903.249000,-84727.233000,40.844000,40.000000
-14904.191000,-84727.567000,40.855000,40.000000
-14905.134000,-84727.900000,40.866000,40.000000
-14906.077000,-84728.234000,40.877000,40.000000
-14907.019000,-84728.568000,40.886000,40.000000
-14907.962000,-84728.901000,40.895000,40.000000
-14908.905000,-84729.235000,40.904000,40.000000
-14909.848000,-84729.569000,40.915000,40.000000
-14910.790000,-84729.902000,40.925000,40.000000
-14911.733000,-84730.236000,40.935000,40.000000
-14912.676000,-84730.570000,40.946000,40.000000
-14913.370000,-84730.815000,40.953000,40.000000
-14913.618000,-84730.903000,40.956000,40.000000
-14914.561000,-84731.237000,40.966000,40.000000
-14915.504000,-84731.571000,40.976000,40.000000
-14916.446000,-84731.905000,40.986000,40.000000
-14917.388000,-84732.240000,40.997000,40.000000
-14918.330000,-84732.576000,41.008000,40.000000
-14919.272000,-84732.912000,41.019000,40.000000
-14920.213000,-84733.250000,41.030000,40.000000
-14921.154000,-84733.588000,41.038000,40.000000
-14922.095000,-84733.929000,41.045000,40.000000
-14923.034000,-84734.270000,41.053000,40.000000
-14923.973000,-84734.614000,41.062000,40.000000
-14924.912000,-84734.959000,41.071000,40.000000
-14925.850000,-84735.307000,41.080000,40.000000
-14926.786000,-84735.656000,41.089000,40.000000
-14927.722000,-84736.009000,41.098000,40.000000
-14928.657000,-84736.363000,41.108000,40.000000
-14929.591000,-84736.721000,41.118000,40.000000
-14930.524000,-84737.081000,41.127000,40.000000
-14931.456000,-84737.444000,41.137000,40.000000
-14932.386000,-84737.811000,41.145000,40.000000
-14933.315000,-84738.181000,41.154000,40.000000
-14934.243000,-84738.555000,41.162000,40.000000
-14935.169000,-84738.932000,41.174000,40.000000
-14936.093000,-84739.313000,41.187000,40.000000
-14936.538000,-84739.498000,41.193000,40.000000
-14937.016000,-84739.698000,41.200000,40.000000
-14937.937000,-84740.088000,41.213000,40.000000
-14938.857000,-84740.481000,41.226000,40.000000
-14939.774000,-84740.879000,41.240000,40.000000
-14940.690000,-84741.280000,41.255000,40.000000
-14941.604000,-84741.686000,41.269000,40.000000
-14942.516000,-84742.096000,41.285000,40.000000
-14943.427000,-84742.510000,41.300000,40.000000
-14944.335000,-84742.928000,41.314000,40.000000
-14945.242000,-84743.349000,41.328000,40.000000
-14946.146000,-84743.775000,41.342000,40.000000
-14947.049000,-84744.206000,41.357000,40.000000
-14947.950000,-84744.640000,41.372000,40.000000
-14948.849000,-84745.078000,41.387000,40.000000
-14949.746000,-84745.520000,41.402000,40.000000
-14950.641000,-84745.966000,41.417000,40.000000
-14951.534000,-84746.416000,41.431000,40.000000
-14952.425000,-84746.870000,41.445000,40.000000
-14953.314000,-84747.328000,41.459000,40.000000
-14954.201000,-84747.790000,41.475000,40.000000
-14955.086000,-84748.256000,41.490000,40.000000
-14955.968000,-84748.726000,41.507000,40.000000
-14956.849000,-84749.199000,41.528000,40.000000
-14957.728000,-84749.677000,41.543000,40.000000
-14958.604000,-84750.159000,41.555000,40.000000
-14959.478000,-84750.644000,41.565000,40.000000
-14960.350000,-84751.134000,41.578000,40.000000
-14961.220000,-84751.627000,41.587000,40.000000
-14962.088000,-84752.124000,41.593000,40.000000
-14962.953000,-84752.625000,41.600000,40.000000
-14963.816000,-84753.130000,41.605000,40.000000
-14964.677000,-84753.639000,41.612000,40.000000
-14964.908000,-84753.776000,41.614000,40.000000
-14965.536000,-84754.151000,41.619000,40.000000
-14966.394000,-84754.665000,41.626000,40.000000
-14967.251000,-84755.180000,41.637000,40.000000
-14968.107000,-84755.697000,41.656000,40.000000
-14968.962000,-84756.216000,41.679000,40.000000
-14969.815000,-84756.737000,41.704000,40.000000
-14970.668000,-84757.259000,41.708000,40.000000
-14971.520000,-84757.783000,41.722000,40.000000
-14972.370000,-84758.309000,41.737000,40.000000
-14973.172000,-84758.807000,41.753000,40.000000
-14973.220000,-84758.837000,41.754000,40.000000
-14974.068000,-84759.366000,41.773000,40.000000
-14974.914000,-84759.899000,41.792000,40.000000
-14975.759000,-84760.435000,41.810000,40.000000
-14976.601000,-84760.974000,41.828000,40.000000
-14977.442000,-84761.516000,41.843000,40.000000
-14978.280000,-84762.060000,41.857000,40.000000
-14979.117000,-84762.608000,41.869000,40.000000
-14979.952000,-84763.158000,41.878000,40.000000
-14980.785000,-84763.712000,41.886000,40.000000
-14981.616000,-84764.268000,41.894000,40.000000
-14982.445000,-84764.827000,41.902000,40.000000
-14983.272000,-84765.390000,41.909000,40.000000
-14984.097000,-84765.955000,41.914000,40.000000
-14984.920000,-84766.523000,41.918000,40.000000
-14985.741000,-84767.094000,41.922000,40.000000
-14986.560000,-84767.667000,41.924000,40.000000
-14987.377000,-84768.244000,41.925000,40.000000
-14988.192000,-84768.823000,41.926000,40.000000
-14989.005000,-84769.406000,41.927000,40.000000
-14989.816000,-84769.991000,41.927000,40.000000
-14990.625000,-84770.579000,41.926000,40.000000
-14991.432000,-84771.170000,41.921000,40.000000
-14992.236000,-84771.763000,41.916000,40.000000
-14993.039000,-84772.360000,41.909000,40.000000
-14993.839000,-84772.959000,41.903000,40.000000
-14994.638000,-84773.561000,41.896000,40.000000
-14995.434000,-84774.166000,41.890000,40.000000
-14996.228000,-84774.773000,41.882000,40.000000
-14997.021000,-84775.384000,41.872000,40.000000
-14997.810000,-84775.997000,41.861000,40.000000
-14998.598000,-84776.613000,41.847000,40.000000
-14999.384000,-84777.232000,41.834000,40.000000
-15000.167000,-84777.853000,41.822000,40.000000
-15000.949000,-84778.478000,41.810000,40.000000
-15001.728000,-84779.104000,41.798000,40.000000
-15002.504000,-84779.734000,41.783000,40.000000
-15003.279000,-84780.367000,41.766000,40.000000
-15004.051000,-84781.002000,41.748000,40.000000
-15004.822000,-84781.639000,41.730000,40.000000
-15005.590000,-84782.280000,41.713000,40.000000
-15006.355000,-84782.923000,41.696000,40.000000
-15007.119000,-84783.569000,41.680000,40.000000
-15007.880000,-84784.218000,41.663000,40.000000
-15008.639000,-84784.869000,41.646000,40.000000
-15009.395000,-84785.523000,41.628000,40.000000
-15010.150000,-84786.179000,41.610000,40.000000
-15010.902000,-84786.838000,41.592000,40.000000
-15011.651000,-84787.500000,41.574000,40.000000
-15012.399000,-84788.165000,41.555000,40.000000
-15013.144000,-84788.832000,41.536000,40.000000
-15013.886000,-84789.501000,41.516000,40.000000
-15014.627000,-84790.174000,41.495000,40.000000
-15015.365000,-84790.848000,41.473000,40.000000
-15016.100000,-84791.526000,41.451000,40.000000
-15016.834000,-84792.206000,41.429000,40.000000
-15017.564000,-84792.888000,41.406000,40.000000
-15018.293000,-84793.573000,41.383000,40.000000
-15019.019000,-84794.261000,41.359000,40.000000
-15019.743000,-84794.951000,41.335000,40.000000
-15020.464000,-84795.644000,41.311000,40.000000
-15021.182000,-84796.339000,41.286000,40.000000
-15021.899000,-84797.037000,41.261000,40.000000
-15022.613000,-84797.737000,41.236000,40.000000
-15023.324000,-84798.440000,41.209000,40.000000
-15024.033000,-84799.145000,41.182000,40.000000
-15024.739000,-84799.853000,41.155000,40.000000
-15025.443000,-84800.563000,41.125000,40.000000
-15026.145000,-84801.276000,41.095000,40.000000
-15026.844000,-84801.991000,41.063000,40.000000
-15027.540000,-84802.709000,41.032000,40.000000
-15028.234000,-84803.429000,41.001000,40.000000
-15028.926000,-84804.151000,40.971000,40.000000
-15029.615000,-84804.876000,40.942000,40.000000
-15030.301000,-84805.603000,40.912000,40.000000
-15030.490000,-84805.804000,40.903000,40.000000
-15030.985000,-84806.333000,40.881000,40.000000
-15031.666000,-84807.065000,40.842000,40.000000
-15032.345000,-84807.799000,40.804000,40.000000
-15033.022000,-84808.536000,40.765000,40.000000
-15033.696000,-84809.274000,40.726000,40.000000
-15034.368000,-84810.014000,40.689000,40.000000
-15035.039000,-84810.756000,40.652000,40.000000
-15035.707000,-84811.500000,40.614000,40.000000
-15036.374000,-84812.246000,40.576000,40.000000
-15037.038000,-84812.993000,40.534000,40.000000
-15037.702000,-84813.741000,40.492000,40.000000
-15038.363000,-84814.491000,40.450000,40.000000
-15039.024000,-84815.242000,40.409000,40.000000
-15039.683000,-84815.994000,40.367000,40.000000
-15040.341000,-84816.747000,40.324000,40.000000
-15040.997000,-84817.501000,40.281000,40.000000
-15041.653000,-84818.256000,40.236000,40.000000
-15042.308000,-84819.012000,40.190000,40.000000
-15042.962000,-84819.768000,40.144000,40.000000
-15043.615000,-84820.525000,40.098000,40.000000
-15044.268000,-84821.283000,40.052000,40.000000
-15044.921000,-84822.041000,40.003000,40.000000
-15045.573000,-84822.799000,39.953000,40.000000
-15046.224000,-84823.557000,39.903000,40.000000
-15046.876000,-84824.316000,39.853000,40.000000
-15047.179000,-84824.669000,39.831000,40.000000
-15047.527000,-84825.075000,39.805000,40.000000
-15048.179000,-84825.833000,39.758000,40.000000
-15048.830000,-84826.592000,39.710000,40.000000
-15049.482000,-84827.350000,39.663000,40.000000
-15050.133000,-84828.109000,39.614000,40.000000
-15050.785000,-84828.868000,39.565000,40.000000
-15051.437000,-84829.626000,39.516000,40.000000
-15052.088000,-84830.385000,39.466000,40.000000
-15052.740000,-84831.144000,39.416000,40.000000
-15053.391000,-84831.902000,39.366000,40.000000
-15054.043000,-84832.661000,39.316000,40.000000
-15054.694000,-84833.420000,39.268000,40.000000
-15055.346000,-84834.178000,39.222000,40.000000
-15055.997000,-84834.937000,39.176000,40.000000
-15056.649000,-84835.695000,39.130000,40.000000
-15057.300000,-84836.454000,39.084000,40.000000
-15057.952000,-84837.213000,39.038000,40.000000
-15058.603000,-84837.971000,38.993000,40.000000
-15059.255000,-84838.730000,38.947000,40.000000
-15059.906000,-84839.489000,38.900000,40.000000
-15060.558000,-84840.247000,38.853000,40.000000
-15061.209000,-84841.006000,38.806000,40.000000
-15061.861000,-84841.765000,38.759000,40.000000
-15062.512000,-84842.523000,38.712000,40.000000
-15063.164000,-84843.282000,38.666000,40.000000
-15063.815000,-84844.041000,38.620000,40.000000
-15064.467000,-84844.799000,38.575000,40.000000
-15065.118000,-84845.558000,38.529000,40.000000
-15065.770000,-84846.316000,38.482000,40.000000
-15066.421000,-84847.075000,38.435000,40.000000
-15067.073000,-84847.834000,38.388000,40.000000
-15067.724000,-84848.592000,38.341000,40.000000
-15068.114000,-84849.046000,38.314000,40.000000
-15068.376000,-84849.351000,38.295000,40.000000
-15069.024000,-84850.112000,38.249000,40.000000
-15069.670000,-84850.876000,38.203000,40.000000
-15070.312000,-84851.643000,38.157000,40.000000
-15070.951000,-84852.412000,38.111000,40.000000
-15071.587000,-84853.183000,38.065000,40.000000
-15072.220000,-84853.958000,38.019000,40.000000
-15072.849000,-84854.735000,37.974000,40.000000
-15073.475000,-84855.515000,37.932000,40.000000
-15074.098000,-84856.297000,37.891000,40.000000
-15074.718000,-84857.082000,37.851000,40.000000
-15075.334000,-84857.869000,37.813000,40.000000
-15075.567000,-84858.168000,37.798000,40.000000
-15075.948000,-84858.659000,37.775000,40.000000
-15076.561000,-84859.448000,37.737000,40.000000
-15077.175000,-84860.238000,37.699000,40.000000
-15077.788000,-84861.028000,37.660000,40.000000
-15078.402000,-84861.817000,37.623000,40.000000
-15079.015000,-84862.607000,37.586000,40.000000
-15079.629000,-84863.397000,37.550000,40.000000
-15080.242000,-84864.187000,37.516000,40.000000
-15080.856000,-84864.976000,37.482000,40.000000
-15081.469000,-84865.766000,37.448000,40.000000
-15082.083000,-84866.556000,37.414000,40.000000
-15082.696000,-84867.345000,37.384000,40.000000
-15083.310000,-84868.135000,37.356000,40.000000
-15083.923000,-84868.925000,37.329000,40.000000
-15084.537000,-84869.714000,37.303000,40.000000
-15085.150000,-84870.504000,37.273000,40.000000
-15085.764000,-84871.294000,37.242000,40.000000
-15086.377000,-84872.083000,37.212000,40.000000
-15086.921000,-84872.783000,37.185000,40.000000
-15086.991000,-84872.873000,37.181000,40.000000
-15087.606000,-84873.661000,37.153000,40.000000
-15088.225000,-84874.447000,37.125000,40.000000
-15088.846000,-84875.231000,37.098000,40.000000
-15089.470000,-84876.013000,37.071000,40.000000
-15090.097000,-84876.792000,37.045000,40.000000
-15090.726000,-84877.568000,37.021000,40.000000
-15091.359000,-84878.343000,36.997000,40.000000
-15091.995000,-84879.115000,36.972000,40.000000
-15092.633000,-84879.885000,36.948000,40.000000
-15093.274000,-84880.652000,36.924000,40.000000
-15093.918000,-84881.417000,36.901000,40.000000
-15094.565000,-84882.180000,36.878000,40.000000
-15095.215000,-84882.940000,36.855000,40.000000
-15095.333000,-84883.077000,36.851000,40.000000
-15095.866000,-84883.698000,36.833000,40.000000
-15096.518000,-84884.457000,36.811000,40.000000
-15097.170000,-84885.215000,36.789000,40.000000
-15097.821000,-84885.974000,36.769000,40.000000
-15098.473000,-84886.732000,36.750000,40.000000
-15099.125000,-84887.491000,36.730000,40.000000
-15099.776000,-84888.250000,36.709000,40.000000
-15100.428000,-84889.008000,36.685000,40.000000
-15101.079000,-84889.767000,36.661000,40.000000
-15101.731000,-84890.525000,36.637000,40.000000
-15102.383000,-84891.284000,36.613000,40.000000
-15103.034000,-84892.042000,36.589000,40.000000
-15103.686000,-84892.801000,36.566000,40.000000
-15104.338000,-84893.559000,36.543000,40.000000
-15104.989000,-84894.318000,36.519000,40.000000
-15105.641000,-84895.076000,36.495000,40.000000
-15106.292000,-84895.835000,36.471000,40.000000
-15106.944000,-84896.593000,36.446000,40.000000
-15107.596000,-84897.352000,36.422000,40.000000
-15108.247000,-84898.111000,36.398000,40.000000
-15108.899000,-84898.869000,36.373000,40.000000
-15109.551000,-84899.628000,36.348000,40.000000
-15110.202000,-84900.386000,36.323000,40.000000
-15110.854000,-84901.145000,36.297000,40.000000
-15111.505000,-84901.903000,36.270000,40.000000
-15112.157000,-84902.662000,36.243000,40.000000
-15112.809000,-84903.420000,36.219000,40.000000
-15113.460000,-84904.179000,36.196000,40.000000
-15114.112000,-84904.937000,36.173000,40.000000
-15114.764000,-84905.696000,36.151000,40.000000
-15115.415000,-84906.454000,36.126000,40.000000
-15116.067000,-84907.213000,36.100000,40.000000
-15116.719000,-84907.972000,36.074000,40.000000
-15117.370000,-84908.730000,36.048000,40.000000
-15118.022000,-84909.489000,36.023000,40.000000
-15118.673000,-84910.247000,35.997000,40.000000
-15119.325000,-84911.006000,35.971000,40.000000
-15119.977000,-84911.764000,35.945000,40.000000
-15120.628000,-84912.523000,35.919000,40.000000
-15121.280000,-84913.281000,35.893000,40.000000
-15121.932000,-84914.040000,35.869000,40.000000
-15122.583000,-84914.798000,35.844000,40.000000
-15123.235000,-84915.557000,35.820000,40.000000
-15123.886000,-84916.315000,35.794000,40.000000
-15124.538000,-84917.074000,35.768000,40.000000
-15125.190000,-84917.833000,35.742000,40.000000
-15125.841000,-84918.591000,35.716000,40.000000
-15126.493000,-84919.350000,35.692000,40.000000
-15127.145000,-84920.108000,35.668000,40.000000
-15127.796000,-84920.867000,35.644000,40.000000
-15128.448000,-84921.625000,35.621000,40.000000
-15129.099000,-84922.384000,35.596000,40.000000
-15129.751000,-84923.142000,35.571000,40.000000
-15130.403000,-84923.901000,35.546000,40.000000
-15131.054000,-84924.659000,35.520000,40.000000
-15131.706000,-84925.418000,35.491000,40.000000
-15132.358000,-84926.176000,35.463000,40.000000
-15133.009000,-84926.935000,35.437000,40.000000
-15133.661000,-84927.694000,35.418000,40.000000
-15134.312000,-84928.452000,35.399000,40.000000
-15134.964000,-84929.211000,35.377000,40.000000
-15135.616000,-84929.969000,35.353000,40.000000
-15136.267000,-84930.728000,35.330000,40.000000
-15136.919000,-84931.486000,35.306000,40.000000
-15137.571000,-84932.245000,35.280000,40.000000
-15138.222000,-84933.003000,35.253000,40.000000
-15138.874000,-84933.762000,35.225000,40.000000
-15139.526000,-84934.520000,35.196000,40.000000
-15140.177000,-84935.279000,35.170000,40.000000
-15140.829000,-84936.037000,35.153000,40.000000
-15141.480000,-84936.796000,35.135000,40.000000
-15142.132000,-84937.555000,35.114000,40.000000
-15142.784000,-84938.313000,35.089000,40.000000
-15143.435000,-84939.072000,35.061000,40.000000
-15144.087000,-84939.830000,35.033000,40.000000
-15144.739000,-84940.589000,35.002000,40.000000
-15145.390000,-84941.347000,34.988000,40.000000
-15146.042000,-84942.106000,34.961000,40.000000
-15146.693000,-84942.864000,34.929000,40.000000
-15147.345000,-84943.623000,34.904000,40.000000
-15147.997000,-84944.381000,34.880000,40.000000
-15148.648000,-84945.140000,34.856000,40.000000
-15149.300000,-84945.898000,34.830000,40.000000
-15149.952000,-84946.657000,34.802000,40.000000
-15150.603000,-84947.416000,34.775000,40.000000
-15151.255000,-84948.174000,34.747000,40.000000
-15151.906000,-84948.933000,34.720000,40.000000
-15152.558000,-84949.691000,34.695000,40.000000
-15153.210000,-84950.450000,34.669000,40.000000
-15153.861000,-84951.208000,34.646000,40.000000
-15154.513000,-84951.967000,34.622000,40.000000
-15155.165000,-84952.725000,34.598000,40.000000
-15155.816000,-84953.484000,34.573000,40.000000
-15156.468000,-84954.242000,34.547000,40.000000
-15157.119000,-84955.001000,34.521000,40.000000
-15157.771000,-84955.759000,34.494000,40.000000
-15158.423000,-84956.518000,34.468000,40.000000
-15159.074000,-84957.277000,34.441000,40.000000
-15159.726000,-84958.035000,34.417000,40.000000
-15160.378000,-84958.794000,34.393000,40.000000
-15161.029000,-84959.552000,34.370000,40.000000
-15161.681000,-84960.311000,34.346000,40.000000
-15162.333000,-84961.069000,34.324000,40.000000
-15162.984000,-84961.828000,34.303000,40.000000
-15163.636000,-84962.586000,34.281000,40.000000
-15164.287000,-84963.345000,34.260000,40.000000
-15164.939000,-84964.103000,34.238000,40.000000
-15165.591000,-84964.862000,34.215000,40.000000
-15166.242000,-84965.620000,34.191000,40.000000
-15166.894000,-84966.379000,34.167000,40.000000
-15167.546000,-84967.138000,34.142000,40.000000
-15168.197000,-84967.896000,34.116000,40.000000
-15168.849000,-84968.655000,34.090000,40.000000
-15169.500000,-84969.413000,34.064000,40.000000
-15170.152000,-84970.172000,34.039000,40.000000
-15170.804000,-84970.930000,34.014000,40.000000
-15171.455000,-84971.689000,33.989000,40.000000
-15172.107000,-84972.447000,33.964000,40.000000
-15172.759000,-84973.206000,33.936000,40.000000
-15173.410000,-84973.964000,33.908000,40.000000
-15174.062000,-84974.723000,33.880000,40.000000
-15174.713000,-84975.481000,33.851000,40.000000
-15175.365000,-84976.240000,33.820000,40.000000
-15175.592000,-84976.504000,33.809000,40.000000
-15176.017000,-84976.998000,33.788000,40.000000
-15176.670000,-84977.755000,33.756000,40.000000
-15177.325000,-84978.511000,33.724000,40.000000
-15177.982000,-84979.265000,33.693000,40.000000
-15178.640000,-84980.019000,33.662000,40.000000
-15179.299000,-84980.770000,33.630000,40.000000
-15179.960000,-84981.521000,33.598000,40.000000
-15180.622000,-84982.270000,33.562000,40.000000
-15181.286000,-84983.018000,33.526000,40.000000
-15181.952000,-84983.764000,33.489000,40.000000
-15182.619000,-84984.509000,33.455000,40.000000
-15183.287000,-84985.253000,33.420000,40.000000
-15183.957000,-84985.996000,33.385000,40.000000
-15184.628000,-84986.737000,33.349000,40.000000
-15185.301000,-84987.477000,33.312000,40.000000
-15185.975000,-84988.215000,33.274000,40.000000
-15186.651000,-84988.952000,33.235000,40.000000
-15187.328000,-84989.688000,33.196000,40.000000
-15187.903000,-84990.310000,33.164000,40.000000
-15188.007000,-84990.422000,33.158000,40.000000
-15188.686000,-84991.156000,33.116000,40.000000
-15189.366000,-84991.890000,33.072000,40.000000
-15190.045000,-84992.624000,33.026000,40.000000
-15190.724000,-84993.358000,32.982000,40.000000
-15191.403000,-84994.092000,32.938000,40.000000
-15192.082000,-84994.826000,32.894000,40.000000
-15192.762000,-84995.560000,32.850000,40.000000
-15193.441000,-84996.294000,32.804000,40.000000
-15194.120000,-84997.028000,32.757000,40.000000
-15194.799000,-84997.761000,32.709000,40.000000
-15195.479000,-84998.495000,32.661000,40.000000
-15196.158000,-84999.229000,32.613000,40.000000
-15196.837000,-84999.963000,32.565000,40.000000
-15197.516000,-85000.697000,32.517000,40.000000
-15198.196000,-85001.431000,32.469000,40.000000
-15198.875000,-85002.165000,32.421000,40.000000
-15199.554000,-85002.899000,32.373000,40.000000
-15200.233000,-85003.633000,32.324000,40.000000
-15200.913000,-85004.367000,32.275000,40.000000
-15201.592000,-85005.101000,32.226000,40.000000
-15202.271000,-85005.835000,32.176000,40.000000
-15202.950000,-85006.568000,32.127000,40.000000
-15203.630000,-85007.302000,32.076000,40.000000
-15204.309000,-85008.036000,32.026000,40.000000
-15204.988000,-85008.770000,31.976000,40.000000
-15205.522000,-85009.347000,31.937000,40.000000
-15205.667000,-85009.504000,31.926000,40.000000
-15206.345000,-85010.240000,31.877000,40.000000
-15207.020000,-85010.977000,31.828000,40.000000
-15207.692000,-85011.717000,31.777000,40.000000
-15208.362000,-85012.460000,31.727000,40.000000
-15209.030000,-85013.204000,31.676000,40.000000
-15209.695000,-85013.951000,31.619000,40.000000
-15210.358000,-85014.700000,31.559000,40.000000
-15211.018000,-85015.451000,31.510000,40.000000
-15211.676000,-85016.204000,31.461000,40.000000
-15212.331000,-85016.960000,31.412000,40.000000
-15212.983000,-85017.718000,31.364000,40.000000
-15213.012000,-85017.752000,31.362000,40.000000
-15213.635000,-85018.476000,31.316000,40.000000
-15214.286000,-85019.235000,31.268000,40.000000
-15214.937000,-85019.994000,31.219000,40.000000
-15215.588000,-85020.753000,31.167000,40.000000
-15216.239000,-85021.512000,31.112000,40.000000
-15216.891000,-85022.271000,31.057000,40.000000
-15217.542000,-85023.030000,31.002000,40.000000
-15218.193000,-85023.789000,30.947000,40.000000
-15218.844000,-85024.548000,30.893000,40.000000
-15219.496000,-85025.306000,30.839000,40.000000
-15220.147000,-85026.065000,30.791000,40.000000
-15220.798000,-85026.824000,30.742000,40.000000
-15221.449000,-85027.583000,30.694000,40.000000
-15222.101000,-85028.342000,30.646000,40.000000
-15222.752000,-85029.101000,30.599000,40.000000
-15223.403000,-85029.860000,30.551000,40.000000
-15224.054000,-85030.619000,30.503000,40.000000
-15224.705000,-85031.378000,30.455000,40.000000
-15225.357000,-85032.136000,30.407000,40.000000
-15226.008000,-85032.895000,30.359000,40.000000
-15226.659000,-85033.654000,30.310000,40.000000
-15227.310000,-85034.413000,30.261000,40.000000
-15227.962000,-85035.172000,30.212000,40.000000
-15228.613000,-85035.931000,30.162000,40.000000
-15229.264000,-85036.690000,30.113000,40.000000
-15229.915000,-85037.449000,30.063000,40.000000
-15230.566000,-85038.207000,30.012000,40.000000
-15231.218000,-85038.966000,29.961000,40.000000
-15231.869000,-85039.725000,29.910000,40.000000
-15232.520000,-85040.484000,29.859000,40.000000
-15233.171000,-85041.243000,29.807000,40.000000
-15233.823000,-85042.002000,29.757000,40.000000
-15234.474000,-85042.761000,29.706000,40.000000
-15235.125000,-85043.520000,29.656000,40.000000
-15235.776000,-85044.279000,29.605000,40.000000
-15236.427000,-85045.037000,29.554000,40.000000
-15237.079000,-85045.796000,29.503000,40.000000
-15237.730000,-85046.555000,29.452000,40.000000
-15238.381000,-85047.314000,29.402000,40.000000
-15239.032000,-85048.073000,29.352000,40.000000
-15239.684000,-85048.832000,29.302000,40.000000
-15240.335000,-85049.591000,29.253000,40.000000
-15240.986000,-85050.350000,29.202000,40.000000
-15241.637000,-85051.109000,29.152000,40.000000
-15242.288000,-85051.867000,29.101000,40.000000
-15242.940000,-85052.626000,29.050000,40.000000
-15243.591000,-85053.385000,29.001000,40.000000
-15244.242000,-85054.144000,28.953000,40.000000
-15244.893000,-85054.903000,28.905000,40.000000
-15245.545000,-85055.662000,28.857000,40.000000
-15246.196000,-85056.421000,28.809000,40.000000
-15246.847000,-85057.180000,28.761000,40.000000
-15247.498000,-85057.938000,28.713000,40.000000
-15248.150000,-85058.697000,28.665000,40.000000
-15248.801000,-85059.456000,28.617000,40.000000
-15249.452000,-85060.215000,28.567000,40.000000
-15250.103000,-85060.974000,28.517000,40.000000
-15250.754000,-85061.733000,28.467000,40.000000
-15251.406000,-85062.492000,28.417000,40.000000
-15252.057000,-85063.251000,28.367000,40.000000
-15252.708000,-85064.010000,28.318000,40.000000
-15253.359000,-85064.768000,28.268000,40.000000
-15254.011000,-85065.527000,28.219000,40.000000
-15254.662000,-85066.286000,28.171000,40.000000
-15255.313000,-85067.045000,28.124000,40.000000
-15255.964000,-85067.804000,28.077000,40.000000
-15256.022000,-85067.872000,28.072000,40.000000
-15256.614000,-85068.564000,28.028000,40.000000
-15257.262000,-85069.326000,27.980000,40.000000
-15257.906000,-85070.090000,27.931000,40.000000
-15258.548000,-85070.857000,27.883000,40.000000
-15259.187000,-85071.626000,27.831000,40.000000
-15259.824000,-85072.398000,27.778000,40.000000
-15260.458000,-85073.171000,27.724000,40.000000
-15260.553000,-85073.288000,27.716000,40.000000
-15261.090000,-85073.946000,27.673000,40.000000
-15261.721000,-85074.721000,27.629000,40.000000
-15262.353000,-85075.496000,27.596000,40.000000
-15262.985000,-85076.271000,27.545000,40.000000
-15263.617000,-85077.046000,27.493000,40.000000
-15264.249000,-85077.822000,27.443000,40.000000
-15264.881000,-85078.597000,27.394000,40.000000
-15265.513000,-85079.372000,27.347000,40.000000
-15266.145000,-85080.147000,27.300000,40.000000
-15266.776000,-85080.922000,27.253000,40.000000
-15267.408000,-85081.697000,27.206000,40.000000
-15268.040000,-85082.472000,27.158000,40.000000
-15268.672000,-85083.247000,27.104000,40.000000
-15269.304000,-85084.022000,27.051000,40.000000
-15269.936000,-85084.797000,27.010000,40.000000
-15270.568000,-85085.572000,26.961000,40.000000
-15271.200000,-85086.347000,26.912000,40.000000
-15271.831000,-85087.122000,26.863000,40.000000
-15272.463000,-85087.897000,26.814000,40.000000
-15273.095000,-85088.672000,26.765000,40.000000
-15273.727000,-85089.448000,26.715000,40.000000
-15274.359000,-85090.223000,26.666000,40.000000
-15274.991000,-85090.998000,26.618000,40.000000
-15275.623000,-85091.773000,26.569000,40.000000
-15276.255000,-85092.548000,26.521000,40.000000
-15276.886000,-85093.323000,26.473000,40.000000
-15277.518000,-85094.098000,26.425000,40.000000
-15278.150000,-85094.873000,26.376000,40.000000
-15278.782000,-85095.648000,26.328000,40.000000
-15279.414000,-85096.423000,26.280000,40.000000
-15280.046000,-85097.198000,26.231000,40.000000
-15280.678000,-85097.973000,26.183000,40.000000
-15281.238000,-85098.661000,26.140000,40.000000
-15281.310000,-85098.748000,26.135000,40.000000
-15281.943000,-85099.522000,26.086000,40.000000
-15282.580000,-85100.293000,26.037000,40.000000
-15283.220000,-85101.061000,25.988000,40.000000
-15283.863000,-85101.827000,25.939000,40.000000
-15284.509000,-85102.590000,25.889000,40.000000
-15285.158000,-85103.351000,25.840000,40.000000
-15285.354000,-85103.578000,25.825000,40.000000
-15285.810000,-85104.110000,25.790000,40.000000
-15286.461000,-85104.868000,25.741000,40.000000
-15287.113000,-85105.627000,25.692000,40.000000
-15287.765000,-85106.386000,25.648000,40.000000
-15288.416000,-85107.144000,25.604000,40.000000
-15289.068000,-85107.903000,25.561000,40.000000
-15289.719000,-85108.661000,25.518000,40.000000
-15290.371000,-85109.420000,25.477000,40.000000
-15291.022000,-85110.179000,25.438000,40.000000
-15291.674000,-85110.937000,25.398000,40.000000
-15292.325000,-85111.696000,25.359000,40.000000
-15292.977000,-85112.454000,25.322000,40.000000
-15293.628000,-85113.213000,25.290000,40.000000
-15294.280000,-85113.972000,25.257000,40.000000
-15294.932000,-85114.730000,25.225000,40.000000
-15295.583000,-85115.489000,25.192000,40.000000
-15296.235000,-85116.247000,25.160000,40.000000
-15296.886000,-85117.006000,25.128000,40.000000
-15297.538000,-85117.765000,25.099000,40.000000
-15298.189000,-85118.523000,25.072000,40.000000
-15298.841000,-85119.282000,25.045000,40.000000
-15299.492000,-85120.041000,25.019000,40.000000
-15300.144000,-85120.799000,24.992000,40.000000
-15300.796000,-85121.558000,24.967000,40.000000
-15301.447000,-85122.316000,24.943000,40.000000
-15302.099000,-85123.075000,24.918000,40.000000
-15302.750000,-85123.834000,24.896000,40.000000
-15303.402000,-85124.592000,24.882000,40.000000
-15304.053000,-85125.351000,24.869000,40.000000
-15304.705000,-85126.109000,24.856000,40.000000
-15305.356000,-85126.868000,24.844000,40.000000
-15306.008000,-85127.627000,24.831000,40.000000
-15306.659000,-85128.385000,24.818000,40.000000
-15307.311000,-85129.144000,24.804000,40.000000
-15307.963000,-85129.902000,24.792000,40.000000
-15308.614000,-85130.661000,24.781000,40.000000
-15309.266000,-85131.420000,24.769000,40.000000
-15309.917000,-85132.178000,24.758000,40.000000
-15310.569000,-85132.937000,24.749000,40.000000
-15311.220000,-85133.695000,24.742000,40.000000
-15311.872000,-85134.454000,24.735000,40.000000
-15312.523000,-85135.213000,24.728000,40.000000
-15313.175000,-85135.971000,24.720000,40.000000
-15313.826000,-85136.730000,24.712000,40.000000
-15314.478000,-85137.488000,24.707000,40.000000
-15315.130000,-85138.247000,24.701000,40.000000
-15315.781000,-85139.006000,24.695000,40.000000
-15316.433000,-85139.764000,24.689000,40.000000
-15317.084000,-85140.523000,24.684000,40.000000
-15317.736000,-85141.282000,24.678000,40.000000
-15318.387000,-85142.040000,24.673000,40.000000
-15319.039000,-85142.799000,24.667000,40.000000
-15319.690000,-85143.557000,24.662000,40.000000
-15320.342000,-85144.316000,24.656000,40.000000
-15320.994000,-85145.075000,24.651000,40.000000
-15321.645000,-85145.833000,24.645000,40.000000
-15322.297000,-85146.592000,24.641000,40.000000
-15322.948000,-85147.350000,24.639000,40.000000
-15323.600000,-85148.109000,24.638000,40.000000
-15324.251000,-85148.868000,24.637000,40.000000
-15324.903000,-85149.626000,24.637000,40.000000
-15325.554000,-85150.385000,24.638000,40.000000
-15326.206000,-85151.143000,24.640000,40.000000
-15326.857000,-85151.902000,24.640000,40.000000
-15327.509000,-85152.661000,24.644000,40.000000
-15328.161000,-85153.419000,24.636000,40.000000
-15328.812000,-85154.178000,24.635000,40.000000
-15329.464000,-85154.936000,24.636000,40.000000
-15330.115000,-85155.695000,24.636000,40.000000
-15330.767000,-85156.454000,24.636000,40.000000
-15331.418000,-85157.212000,24.636000,40.000000
-15332.070000,-85157.971000,24.637000,40.000000
-15332.721000,-85158.729000,24.639000,40.000000
-15333.373000,-85159.488000,24.642000,40.000000
-15334.025000,-85160.247000,24.646000,40.000000
-15334.676000,-85161.005000,24.649000,40.000000
-15335.328000,-85161.764000,24.653000,40.000000
-15335.979000,-85162.522000,24.643000,40.000000
-15336.631000,-85163.281000,24.628000,40.000000
-15337.282000,-85164.040000,24.629000,40.000000
-15337.934000,-85164.798000,24.630000,40.000000
-15338.585000,-85165.557000,24.628000,40.000000
-15339.237000,-85166.316000,24.628000,40.000000
-15339.888000,-85167.074000,24.629000,40.000000
-15340.540000,-85167.833000,24.629000,40.000000
-15341.192000,-85168.591000,24.628000,40.000000
-15341.843000,-85169.350000,24.625000,40.000000
-15342.495000,-85170.109000,24.623000,40.000000
-15343.146000,-85170.867000,24.620000,40.000000
-15343.798000,-85171.626000,24.618000,40.000000
-15344.449000,-85172.384000,24.617000,40.000000
-15345.101000,-85173.143000,24.616000,40.000000
-15345.752000,-85173.902000,24.615000,40.000000
-15346.404000,-85174.660000,24.615000,40.000000
-15347.055000,-85175.419000,24.616000,40.000000
-15347.707000,-85176.177000,24.617000,40.000000
-15348.359000,-85176.936000,24.617000,40.000000
-15349.010000,-85177.695000,24.615000,40.000000
-15349.662000,-85178.453000,24.613000,40.000000
-15350.313000,-85179.212000,24.609000,40.000000
-15350.965000,-85179.970000,24.607000,40.000000
-15351.616000,-85180.729000,24.605000,40.000000
-15352.268000,-85181.488000,24.603000,40.000000
-15352.919000,-85182.246000,24.602000,40.000000
-15353.571000,-85183.005000,24.600000,40.000000
-15354.223000,-85183.763000,24.596000,40.000000
-15354.874000,-85184.522000,24.593000,40.000000
-15355.526000,-85185.281000,24.590000,40.000000
-15356.177000,-85186.039000,24.587000,40.000000
-15356.829000,-85186.798000,24.584000,40.000000
-15357.480000,-85187.557000,24.581000,40.000000
-15358.132000,-85188.315000,24.578000,40.000000
-15358.783000,-85189.074000,24.575000,40.000000
-15359.435000,-85189.832000,24.573000,40.000000
-15360.086000,-85190.591000,24.573000,40.000000
-15360.738000,-85191.350000,24.572000,40.000000
-15361.390000,-85192.108000,24.571000,40.000000
-15362.041000,-85192.867000,24.571000,40.000000
-15362.693000,-85193.625000,24.577000,40.000000
-15363.344000,-85194.384000,24.578000,40.000000
-15363.996000,-85195.143000,24.579000,40.000000
-15364.177000,-85195.354000,24.580000,40.000000
-15364.647000,-85195.901000,24.581000,40.000000
-15365.297000,-85196.661000,24.582000,40.000000
-15365.946000,-85197.422000,24.582000,40.000000
-15366.593000,-85198.185000,24.582000,40.000000
-15367.239000,-85198.948000,24.581000,40.000000
-15367.884000,-85199.712000,24.581000,40.000000
-15368.527000,-85200.478000,24.581000,40.000000
-15369.170000,-85201.244000,24.577000,40.000000
-15369.811000,-85202.012000,24.568000,40.000000
-15370.450000,-85202.780000,24.566000,40.000000
-15371.089000,-85203.550000,24.567000,40.000000
-15371.726000,-85204.321000,24.567000,40.000000
-15372.361000,-85205.093000,24.567000,40.000000
-15372.996000,-85205.866000,24.567000,40.000000
-15373.629000,-85206.640000,24.566000,40.000000
-15374.260000,-85207.415000,24.566000,40.000000
-15374.891000,-85208.192000,24.565000,40.000000
-15375.520000,-85208.969000,24.562000,40.000000
-15376.148000,-85209.747000,24.566000,40.000000
-15376.774000,-85210.527000,24.570000,40.000000
-15377.400000,-85211.307000,24.568000,40.000000
-15378.023000,-85212.089000,24.567000,40.000000
-15378.646000,-85212.871000,24.565000,40.000000
-15379.267000,-85213.655000,24.565000,40.000000
-15379.887000,-85214.440000,24.567000,40.000000
-15380.505000,-85215.225000,24.566000,40.000000
-15381.123000,-85216.012000,24.564000,40.000000
-15381.739000,-85216.800000,24.564000,40.000000
-15382.353000,-85217.589000,24.556000,40.000000
-15382.966000,-85218.379000,24.552000,40.000000
-15383.578000,-85219.170000,24.552000,40.000000
-15384.189000,-85219.962000,24.551000,40.000000
-15384.798000,-85220.755000,24.550000,40.000000
-15385.406000,-85221.549000,24.547000,40.000000
-15386.012000,-85222.344000,24.545000,40.000000
-15386.617000,-85223.140000,24.543000,40.000000
-15387.221000,-85223.937000,24.541000,40.000000
-15387.823000,-85224.736000,24.536000,40.000000
-15388.425000,-85225.535000,24.532000,40.000000
-15389.024000,-85226.335000,24.528000,40.000000
-15389.623000,-85227.136000,24.524000,40.000000
-15390.220000,-85227.938000,24.522000,40.000000
-15390.815000,-85228.742000,24.519000,40.000000
-15391.410000,-85229.546000,24.516000,40.000000
-15392.002000,-85230.351000,24.513000,40.000000
-15392.594000,-85231.157000,24.510000,40.000000
-15393.184000,-85231.965000,24.507000,40.000000
-15393.773000,-85232.773000,24.504000,40.000000
-15394.360000,-85233.582000,24.500000,40.000000
-15394.946000,-85234.392000,24.498000,40.000000
-15395.531000,-85235.204000,24.496000,40.000000
-15396.115000,-85236.016000,24.494000,40.000000
-15396.696000,-85236.829000,24.492000,40.000000
-15397.277000,-85237.643000,24.492000,40.000000
-15397.856000,-85238.459000,24.492000,40.000000
-15398.434000,-85239.275000,24.491000,40.000000
-15399.010000,-85240.092000,24.491000,40.000000
-15399.585000,-85240.910000,24.489000,40.000000
-15400.159000,-85241.729000,24.486000,40.000000
-15400.731000,-85242.549000,24.484000,40.000000
-15401.302000,-85243.370000,24.482000,40.000000
-15401.872000,-85244.192000,24.480000,40.000000
-15402.440000,-85245.015000,24.478000,40.000000
-15403.006000,-85245.839000,24.476000,40.000000
-15403.572000,-85246.664000,24.475000,40.000000
-15404.136000,-85247.490000,24.473000,40.000000
-15404.698000,-85248.317000,24.472000,40.000000
-15405.259000,-85249.145000,24.471000,40.000000
-15405.819000,-85249.973000,24.470000,40.000000
-15406.377000,-85250.803000,24.468000,40.000000
-15406.934000,-85251.634000,24.466000,40.000000
-15407.489000,-85252.465000,24.464000,40.000000
-15408.043000,-85253.298000,24.463000,40.000000
-15408.596000,-85254.131000,24.463000,40.000000
-15409.147000,-85254.965000,24.463000,40.000000
-15409.697000,-85255.801000,24.479000,40.000000
-15410.246000,-85256.637000,24.474000,40.000000
-15410.792000,-85257.474000,24.471000,40.000000
-15411.338000,-85258.312000,24.468000,40.000000
-15411.882000,-85259.151000,24.467000,40.000000
-15412.425000,-85259.991000,24.466000,40.000000
-15412.966000,-85260.832000,24.466000,40.000000
-15413.506000,-85261.674000,24.467000,40.000000
-15414.044000,-85262.516000,24.467000,40.000000
-15414.581000,-85263.360000,24.466000,40.000000
-15415.117000,-85264.204000,24.465000,40.000000
-15415.651000,-85265.050000,24.459000,40.000000
-15416.184000,-85265.896000,24.456000,40.000000
-15416.715000,-85266.743000,24.453000,40.000000
-15417.245000,-85267.591000,24.450000,40.000000
-15417.773000,-85268.440000,24.449000,40.000000
-15418.300000,-85269.290000,24.450000,40.000000
-15418.826000,-85270.141000,24.451000,40.000000
-15419.350000,-85270.993000,24.452000,40.000000
-15419.872000,-85271.845000,24.453000,40.000000
-15420.394000,-85272.699000,24.454000,40.000000
-15420.913000,-85273.553000,24.456000,40.000000
-15421.432000,-85274.408000,24.457000,40.000000
-15421.949000,-85275.264000,24.458000,40.000000
-15422.248000,-85275.762000,24.459000,40.000000
-15422.464000,-85276.121000,24.460000,40.000000
-15422.979000,-85276.978000,24.462000,40.000000
-15423.495000,-85277.835000,24.463000,40.000000
-15424.010000,-85278.692000,24.464000,40.000000
-15424.525000,-85279.549000,24.463000,40.000000
-15425.040000,-85280.406000,24.462000,40.000000
-15425.556000,-85281.263000,24.462000,40.000000
-15426.071000,-85282.120000,24.460000,40.000000
-15426.586000,-85282.978000,24.458000,40.000000
-15427.101000,-85283.835000,24.456000,40.000000
-15427.617000,-85284.692000,24.454000,40.000000
-15428.132000,-85285.549000,24.455000,40.000000
-15428.647000,-85286.406000,24.455000,40.000000
-15429.162000,-85287.263000,24.455000,40.000000
-15429.678000,-85288.120000,24.454000,40.000000
-15430.193000,-85288.977000,24.453000,40.000000
-15430.708000,-85289.834000,24.452000,40.000000
-15431.224000,-85290.691000,24.451000,40.000000
-15431.739000,-85291.548000,24.450000,40.000000
-15432.254000,-85292.405000,24.449000,40.000000
-15432.769000,-85293.262000,24.449000,40.000000
-15433.285000,-85294.119000,24.448000,40.000000
-15433.800000,-85294.976000,24.448000,40.000000
-15434.315000,-85295.833000,24.447000,40.000000
-15434.830000,-85296.690000,24.446000,40.000000
-15435.346000,-85297.547000,24.445000,40.000000
-15435.861000,-85298.404000,24.444000,40.000000
-15436.376000,-85299.261000,24.442000,40.000000
-15436.891000,-85300.118000,24.440000,40.000000
-15437.407000,-85300.975000,24.437000,40.000000
-15437.922000,-85301.832000,24.436000,40.000000
-15438.437000,-85302.689000,24.436000,40.000000
-15438.953000,-85303.546000,24.436000,40.000000
-15439.468000,-85304.403000,24.436000,40.000000
-15439.983000,-85305.260000,24.436000,40.000000
-15440.498000,-85306.117000,24.435000,40.000000
-15441.014000,-85306.974000,24.435000,40.000000
-15441.529000,-85307.831000,24.434000,40.000000
-15442.044000,-85308.688000,24.433000,40.000000
-15442.559000,-85309.545000,24.432000,40.000000
-15443.075000,-85310.403000,24.430000,40.000000
-15443.590000,-85311.260000,24.429000,40.000000
-15444.105000,-85312.117000,24.427000,40.000000
-15444.620000,-85312.974000,24.425000,40.000000
-15445.136000,-85313.831000,24.422000,40.000000
-15445.651000,-85314.688000,24.420000,40.000000
-15446.166000,-85315.545000,24.418000,40.000000
-15446.681000,-85316.402000,24.417000,40.000000
-15447.197000,-85317.259000,24.417000,40.000000
-15447.712000,-85318.116000,24.417000,40.000000
-15448.227000,-85318.973000,24.417000,40.000000
-15448.743000,-85319.830000,24.418000,40.000000
-15449.258000,-85320.687000,24.420000,40.000000
-15449.773000,-85321.544000,24.425000,40.000000
-15450.288000,-85322.401000,24.430000,40.000000
-15450.804000,-85323.258000,24.433000,40.000000
-15451.319000,-85324.115000,24.435000,40.000000
-15451.834000,-85324.972000,24.438000,40.000000
-15452.349000,-85325.829000,24.441000,40.000000
-15452.865000,-85326.686000,24.452000,40.000000
-15453.380000,-85327.543000,24.469000,40.000000
-15453.895000,-85328.400000,24.474000,40.000000
-15454.410000,-85329.257000,24.481000,40.000000
-15454.926000,-85330.114000,24.489000,40.000000
-15455.441000,-85330.971000,24.498000,40.000000
-15455.956000,-85331.828000,24.508000,40.000000
-15456.471000,-85332.685000,24.519000,40.000000
-15456.987000,-85333.542000,24.531000,40.000000
-15457.502000,-85334.399000,24.540000,40.000000
-15458.017000,-85335.256000,24.548000,40.000000
-15458.533000,-85336.113000,24.558000,40.000000
-15459.048000,-85336.970000,24.568000,40.000000
-15459.563000,-85337.828000,24.578000,40.000000
-15460.078000,-85338.685000,24.587000,40.000000
-15460.594000,-85339.542000,24.596000,40.000000
-15461.109000,-85340.399000,24.595000,40.000000
-15461.624000,-85341.256000,24.594000,40.000000
-15462.139000,-85342.113000,24.606000,40.000000
-15462.655000,-85342.970000,24.618000,40.000000
-15463.170000,-85343.827000,24.631000,40.000000
-15463.685000,-85344.684000,24.646000,40.000000
-15464.200000,-85345.541000,24.664000,40.000000
-15464.716000,-85346.398000,24.683000,40.000000
-15465.231000,-85347.255000,24.703000,40.000000
-15465.746000,-85348.112000,24.712000,40.000000
-15466.262000,-85348.969000,24.726000,40.000000
-15466.777000,-85349.826000,24.744000,40.000000
-15467.292000,-85350.683000,24.762000,40.000000
-15467.807000,-85351.540000,24.780000,40.000000
-15468.323000,-85352.397000,24.796000,40.000000
-15468.838000,-85353.254000,24.812000,40.000000
-15469.353000,-85354.111000,24.828000,40.000000
-15469.868000,-85354.968000,24.846000,40.000000
-15470.384000,-85355.825000,24.869000,40.000000
-15470.899000,-85356.682000,24.892000,40.000000
-15471.414000,-85357.539000,24.915000,40.000000
-15471.929000,-85358.396000,24.938000,40.000000
-15472.445000,-85359.253000,24.960000,40.000000
-15472.960000,-85360.110000,24.982000,40.000000
-15473.475000,-85360.967000,25.004000,40.000000
-15473.990000,-85361.824000,25.028000,40.000000
-15474.506000,-85362.681000,25.054000,40.000000
-15475.021000,-85363.538000,25.080000,40.000000
-15475.536000,-85364.395000,25.106000,40.000000
-15476.052000,-85365.253000,25.131000,40.000000
-15476.567000,-85366.110000,25.157000,40.000000
-15477.082000,-85366.967000,25.183000,40.000000
-15477.597000,-85367.824000,25.209000,40.000000
-15478.113000,-85368.681000,25.234000,40.000000
-15478.628000,-85369.538000,25.257000,40.000000
-15479.143000,-85370.395000,25.281000,40.000000
-15479.658000,-85371.252000,25.306000,40.000000
-15480.174000,-85372.109000,25.331000,40.000000
-15480.689000,-85372.966000,25.357000,40.000000
-15481.204000,-85373.823000,25.383000,40.000000
-15481.719000,-85374.680000,25.409000,40.000000
-15482.235000,-85375.537000,25.435000,40.000000
-15482.750000,-85376.394000,25.459000,40.000000
-15483.265000,-85377.251000,25.484000,40.000000
-15483.781000,-85378.108000,25.508000,40.000000
-15484.296000,-85378.965000,25.533000,40.000000
-15484.811000,-85379.822000,25.558000,40.000000
-15485.326000,-85380.679000,25.583000,40.000000
-15485.842000,-85381.536000,25.608000,40.000000
-15486.357000,-85382.393000,25.633000,40.000000
-15486.872000,-85383.250000,25.657000,40.000000
-15487.387000,-85384.107000,25.682000,40.000000
-15487.903000,-85384.964000,25.707000,40.000000
-15488.418000,-85385.821000,25.732000,40.000000
-15488.933000,-85386.678000,25.757000,40.000000
-15489.448000,-85387.535000,25.783000,40.000000
-15489.964000,-85388.392000,25.808000,40.000000
-15490.479000,-85389.249000,25.832000,40.000000
-15490.994000,-85390.106000,25.856000,40.000000
-15491.509000,-85390.963000,25.880000,40.000000
-15492.025000,-85391.820000,25.904000,40.000000
-15492.540000,-85392.677000,25.929000,40.000000
-15493.055000,-85393.535000,25.954000,40.000000
-15493.571000,-85394.392000,25.979000,40.000000
-15494.086000,-85395.249000,26.005000,40.000000
-15494.601000,-85396.106000,26.030000,40.000000
-15495.116000,-85396.963000,26.055000,40.000000
-15495.632000,-85397.820000,26.080000,40.000000
-15496.147000,-85398.677000,26.106000,40.000000
-15496.662000,-85399.534000,26.132000,40.000000
-15497.177000,-85400.391000,26.158000,40.000000
-15497.693000,-85401.248000,26.185000,40.000000
-15498.208000,-85402.105000,26.211000,40.000000
-15498.723000,-85402.962000,26.236000,40.000000
-15499.238000,-85403.819000,26.261000,40.000000
-15499.754000,-85404.676000,26.287000,40.000000
-15500.269000,-85405.533000,26.312000,40.000000
-15500.784000,-85406.390000,26.338000,40.000000
-15501.300000,-85407.247000,26.364000,40.000000
-15501.815000,-85408.104000,26.391000,40.000000
-15502.330000,-85408.961000,26.417000,40.000000
-15502.845000,-85409.818000,26.441000,40.000000
-15503.361000,-85410.675000,26.465000,40.000000
-15503.876000,-85411.532000,26.489000,40.000000
-15504.391000,-85412.389000,26.513000,40.000000
-15504.906000,-85413.246000,26.537000,40.000000
-15505.422000,-85414.103000,26.561000,40.000000
-15505.937000,-85414.960000,26.586000,40.000000
-15506.452000,-85415.817000,26.611000,40.000000
-15506.967000,-85416.674000,26.637000,40.000000
-15507.483000,-85417.531000,26.662000,40.000000
